2214
1678
7503056079646
1445
7321420671223
1428
7501206674260
7501206674246
7503037201677
1504
2330
7501206686843
024721151308
7501206673324
7501206648582
7501206673331
7506240654773
2205
1490
7506240657620
388253A
1068
7501206640241
7501206602836
7501206657591
7506240646914
7501206643235
7501206644560
1869
7501206678138
7501206638484
7501206643563
7506240654759
33558082
3355808
WW01F00357
7501206664070
7506240661832
7506240661825
7501206664117
7501206664261
7501206664148
7506240699569
7501206634349
7501206695760
7501206655412
7501206655405
7506240657620
7506240699569
1490
998
997
256
255
7501206617922
7501206684696
7501206647820
7506240642848
2309
WW01F01651
037103575821
2324
836
7501206684696
7506240636403
7501206652602
1255
7501206696552
7506240636427
037103573025
872
7501206696545
7506240658979
259
7501206657478
621
47
47
8528278
8528278
285219
358237
137353300
2273
12002213
49621
358684V
190
894
3387134
338906V
1101
285620
W910010082
W11221296
W11160690
5308001742
1975
5303912533
279640
WP31001590
2257
W10837240
W10743997
W11025892
W10250667
W10239968
1430
1403
1699
389140
1393
134780500
7503033971253
3366877
8577376
W11195059
W10083200
W11091026
3363394V
W910010088
1180
279834V
W11291948
135
3392519
3977767
134711401
134048900
12002355
W11291948
W910010088
3363394V
W10251309
883049510842
1187
285352
7122105
8577376
2125
360
360
1347
7503026191552
40
7503026191774
7503026414996
1434
W10530058
1370
1309
5303918202
1410
7503026191767
W10567140
1369
7503026203040
214
7503026203019
134048900
134711401
3977767
12002355
W10384183
1117
7503026178805
7503026178812
7503026178812
7503026191767
7503026191750
8033158080121
037103572561
7501206699799
1150
1156
1158
1157
1152
1151
1185
1884
1153
1154
525
220
29
27
3500
1698
2321
2242
2080
1055
7503036024390
048231783705
640
037103576163
527
7501206689868
7506240653271
7506240653301
1391
7506240602569
7506240602569
44406
2437
2436
1638
1751
687472053910
7503036024147
270
916
301
7501390530125
1674
7501390512720
7501390512355
7501390500529
7501390500499
7502230020436
1429
7501781200236
7501781214592
7501781200021
7501781200038
7501781200243
1234
7502218490404
7502218490046
2079
753153653905
1351
2099
2101
1005
1364
037103575692
7503033971819
526
1838
2137
2137
2012
80
81
82
84
100
85
87
7503026414804
7503026414835
2352
1141
1177
1808
277
1691
83
275
274
273
193
281
829
1641
24
216
282
326
1377
304
195
103
W11629599
1421
1303
2193
279
197
892
2296
2139
2139
1855
1443
037103575661
037103575654
06259817495880
1995
1594
020352484303
20352477596
020352479613
7506240658344
7506240658085
7503032237718
7501206655900
037103570543
7503026414941
883049210278
070042401004
920
11
7503033971574
7503033971581
7506240646419
7501206657652
7501206657669
037103572325
7503050733360
7503050733346
037103576040
7502230020009
037103576095
037103576095
037103570543
7501206655900
7503032237718
7501102614056
7502230020009
7503022983250
7503022983243
7503022983236
7506240676294
7501206699799
2111
2110
2112
2122
2123
2114
2124
2113
137
2115
2116
2117
2120
1750
2130
2131
2200
2127
1751
1469
330
1648
44647
3450
44647
1802
1420
811
1042
604
600
1573
1226
1419
2318
396
111
1969
037103576156
PH10150
1417
1417
961
1390
44
198
2317
161
826
2140
896
219
1160
251
250
290
252
1165
1143
263
1278
257
20
607
1951
811
6005
7503026414224
1201
2087
1247
21
1922
201
191
191
200
523
210
2221
2221
7503001312811
037103575500
2146
