I:
1341
1988
2203
2203

I1:

I2:
1987

J1:
748
2314
1978
871
871

J2:
1225

J3:
1449
1073
1449
817
814

J4:
2025

K1:
1561
247
206
1024

L1:
1283
2237
1124
1123
2181
1128
1125
1160
104
1122
1126
1127
1668
1533
1472
1464
1475
1839
2218
1944
1724
633
1452
1462
1463
2011
1460
879
873
2315
1212
899
285811
1723
980
1699
1841

L2:
2262
1763
x002ga1719
1763
1677
2169
2169

L3:
178
174
1447
1783
1577
59
302421670010
26
2217
1785
930
1793

L4:
176
172
1036
177
175
173
199
1461
7122105
2155
69

L5:
309882
947
1246
69
2147
74
70
70

M1:
w10443885
w10443885
w10443885
dc64-00519d-e
131763255
2167
1774
1059
1059
1601
1450
1451
1773

M2:
1100
965
1840
1836
1020
1020
2081
1057

M3:
225
2267
10055
k-65859

M4:
1092
1758
40802
963
1677
19

M5:
962
1056
1323
1321
1373
1549
1489
1381
w11179275
1256
w11176112

N1:
1015
2254
1019
50946009865
192
192
932

Ñ1:
1582
1017
1017
1535
1764
1353
2037
135
1172
1494
1294
1325
2018
2019
1184
1897
1896
1441
294
2017

Ñ2:
7503026414422
1163
1912
2192
1054
1437
893
1354
1756
1131
1190

Ñ3:
1709
1083
2156
1224
1470
1148
1702
1701
1039
1239
1387
2157
1110
819
1111
1109
909
1113
1112
1114
1976
797

Ñ4:
1662
1595
1473
1669
908

Ñ5:

O1:
2198
601
2189
144444
1869

O2:
686590
1248
745
744
746
745
745
1989

O3:
1980
1760
1625
2319
2194
1681
1230
870
1801
1496

O4:
183
183
1977
1310

O5:
2261
1585
1277

P1:
1416
1466
1921
1911
1654
1849

P2:
1645
1477
1587
1587
2266
1591
1588
1719
1909
1589
2050
1590
2266
1954
1645

P3:
953
95
95
2265
1794

P4:

P5:

Q1:
1844
1843
1846
1934
1933
1923
1924
1925
2229
2008
1967
1943
1937
1935
1936
1926
1939
1930
1941
1942
1938
1929
1928
1940
1927
1242
7503026195567

Q2:
2210
2211
2207
2230
2206

Q3:
1597
1598
2118
2119
2216
2215
2015

Q4:

Q5:

BANDAS:
883049499772
398
2316
134503600
1037
1990
wpy312959
1716
1578
317
w10131172
3394652
1949
2264
266
134511600
308d1415p003
wp21352320
we12m29
137051400
1237
137292700
297
1257
1217
1257
2166
1717
390
1481
267
