R1:
2153
2152
2151
2150
2154
1798
40801

S1:
1132
1761
708
1781
1098
1286
2255
1199

T1:
2341
2286
1380
1379

T2:
1981
701
2086
7491

T3:
1656
141
891
207
143
142

T4:
2094
23
285
1309
2198202e
1229
1350
1497
1448
296
1193

T5:
1297
1297

U:
2171
2036
260

U1:
1707
1706

U2:
1106
1487
1484
1130
1130
926
1603
1766
1972
2225
2226
2287
1129
1118
1121
1119

U3:
1241
1483
1486
1485
628
1649
1650

U4:
w10790814
51200
1446
2035
2034

U5:
152
1367
1220
1872
1219

U6:

V1:
938
939
940
941
977
978
1116
w11503892
619
1082
165
166
521
1081
1080
wr01f00099
7503026177259

V2:
927
928
6871jk1005
180
931
918
1602
2149
1197
1200
1171
1198

V3:

V4:
1181
51200

W1:
1050
1181
32132
32132

W2:
1361
w10236142
1344
1105
1705
1370
1898
1866
2276
1545
1221
1408
2090
2269

W3:
1222
1338
1136
2295
2294
9741
144
1957
1107
2232
1715
1714
1874

W4:
1402
1545
